Subject ID Number	Age (years)	Height (inches)	Weight (pounds)
1	1	27 	29 
2	17	58 	75 
3	15	39 	84 
4	3	54 	33 
5	11	134 	101 
6	10	124 	104 
7	13	50 	102 
8	4	32 	48 
9	2	40 	26 
10	15	84 	159 
11	11	35 	46 
12	9	78 	78 
13	1	27 	30 
14	4	60 	60 
15	1	29 	34 
16	9	69 	33 
17	13	102 	50 
18	14	122 	52 
19	12	144 	72 
20	18	96 	114 
21	4	48 	48 
22	10	84 	64 
23	4	64 	60 
24	10	124 	94 
25	6	60 	84 
26	2	40 	30 
27	1	32 	32 
28	5	34 	64 
29	13	141 	89 
30	4	60 	48 
31	5	54 	29 
32	12	72 	72 
33	14	136 	150 
34	4	52 	56 
35	13	37 	154 
36	15	144 	99 
37	14	150 	164 
38	5	74 	49 
39	11	35 	101 
40	17	75 	58 
41	13	89 	63 
42	6	84 	48 
43	7	38 	59 
44	3	33 	51 
45	14	80 	80 
46	3	48 	42 
47	1	33 	32 
48	3	39 	51 
49	2	28 	30 
50	13	141 	37 
51	15	144 	84 
52	12	36 	120 
53	18	114 	204 
54	17	58 	194 
55	6	78 	30 
56	16	72 	184 
57	11	68 	90 
58	3	54 	48 
59	14	80 	94 
60	5	59 	34 
61	17	58 	58 
62	17	41 	160 
63	10	44 	94 
64	3	36 	45 
65	18	204 	114 
66	15	129 	39 
67	9	87 	96 
68	15	114 	84 
69	14	66 	122 
70	18	114 	96 
71	15	114 	84 
72	7	45 	73 
73	14	108 	80 
74	14	80 	66 
75	3	42 	39 
76	18	204 	114 
77	18	186 	186 
78	1	32 	25 
79	12	132 	96 
80	4	52 	28 
81	2	32 	44 
82	2	38 	32 
83	1	34 	33 
84	3	42 	36 
85	14	80 	94 
86	13	154 	76 
87	9	78 	96 
88	15	144 	159 
89	17	92 	75 
90	18	132 	204 
91	7	66 	45 
92	10	44 	44 
93	2	38 	34 
94	14	164 	52 
95	1	34 	30 
96	9	96 	78 
97	8	96 	48 
98	6	30 	78 
99	16	72 	120 
100	2	26 	28 
101	9	96 	87 
102	11	57 	90 
103	8	72 	104 
104	8	40 	72 
105	11	112 	46 
106	12	60 	72 
107	13	154 	102 
108	11	112 	112 
109	6	78 	48 
110	4	28 	52 
111	16	72 	168 
112	10	34 	74 
113	6	42 	66 
114	8	96 	72 
115	18	204 	132 
116	3	30 	27 
117	17	194 	92 
118	15	159 	54 
119	14	94 	150 
120	15	129 	39 
121	13	63 	76 
122	2	38 	42 
123	17	109 	109 
124	11	46 	68 
125	1	34 	30 
126	16	152 	72 
127	14	136 	52 
128	13	102 	154 
129	16	40 	88 
130	2	30 	40 
131	9	96 	60 
132	1	27 	31 
133	4	56 	52 
134	15	84 	129 
135	11	79 	123 
136	11	46 	123 
137	3	33 	42 
138	13	115 	102 
139	18	96 	186 
140	8	40 	40 
141	6	60 	78 
142	10	84 	34 
143	2	40 	36 
144	17	194 	58 
145	3	27 	36 
146	18	42 	204 
147	3	51 	42 
148	6	84 	78 
149	1	25 	30 
150	4	32 	36 
151	4	56 	60 
152	1	29 	34 
153	9	69 	114 
154	3	36 	42 
155	17	41 	160 
156	14	38 	150 
157	13	63 	115 
158	17	126 	194 
159	4	36 	52 
160	17	75 	109 
161	15	129 	99 
162	10	104 	124 
163	10	114 	34 
164	13	128 	50 
165	2	44 	36 
166	16	168 	136 
167	16	104 	168 
168	6	60 	78 
169	3	33 	51 
170	9	87 	60 
171	7	45 	59 
172	9	42 	105 
173	10	64 	104 
174	2	42 	42 
175	2	26 	38 
176	5	29 	39 
177	15	144 	159 
178	3	39 	30 
179	9	96 	69 
180	6	48 	78 
181	4	60 	56 
182	2	32 	26 
183	12	132 	84 
184	3	30 	27 
185	18	204 	78 
186	18	42 	42 
187	7	38 	31 
188	11	35 	35 
189	18	42 	150 
190	11	79 	112 
191	15	99 	174 
192	5	74 	34 
193	12	36 	48 
194	14	164 	164 
195	14	150 	80 
196	9	105 	96 
197	1	30 	34 
198	9	87 	96 
199	11	46 	46 
200	16	56 	88 
201	10	34 	94 
202	11	90 	57 
203	6	42 	30 
204	3	42 	51 
205	10	84 	74 
206	4	64 	48 
207	11	134 	101 
208	9	78 	60 
209	3	51 	51 
210	12	72 	72 
211	1	29 	34 
212	2	44 	38 
213	1	31 	25 
214	8	64 	72 
215	3	51 	48 
216	14	150 	108 
217	9	69 	114 
218	2	44 	36 
219	12	36 	60 
220	1	28 	25 
221	2	40 	32 
222	7	73 	87 
223	7	59 	66 
224	3	48 	39 
225	3	36 	39 
226	8	104 	96 
227	8	64 	72 
228	1	33 	31 
229	11	134 	123 
230	16	168 	88 
231	6	72 	42 
232	13	128 	76 
233	4	28 	32 
234	8	40 	72 
235	11	123 	79 
236	1	32 	31 
237	1	28 	31 
238	6	54 	84 
239	1	25 	32 
240	17	194 	109 
241	15	84 	39 
242	5	59 	49 
243	7	45 	66 
244	4	44 	64 
245	13	128 	63 
246	2	28 	26 
247	16	168 	184 
248	18	114 	96 
249	14	94 	80 
250	18	150 	114 
251	2	42 	34 
252	13	50 	37 
253	11	112 	112 
254	6	66 	78 
255	4	60 	28 
256	8	88 	96 
257	12	84 	48 
258	11	57 	46 
259	15	39 	159 
260	1	33 	29 
261	6	60 	30 
262	17	177 	58 
263	14	150 	66 
264	14	80 	80 
265	14	94 	52 
266	3	30 	42 
267	1	28 	25 
268	10	84 	114 
269	13	141 	76 
270	13	115 	37 
271	13	141 	37 
272	12	108 	96 
273	7	38 	80 
274	5	64 	44 
275	14	66 	164 
276	1	34 	26 
277	9	114 	42 
278	6	42 	48 
279	15	54 	39 
280	17	92 	92 
281	14	52 	108 
282	4	36 	48 
283	13	63 	128 
284	5	54 	49 
285	5	64 	69 
286	3	33 	45 
287	1	28 	27 
288	9	42 	33 
289	13	50 	63 
290	15	54 	84 
291	9	96 	51 
292	12	48 	60 
293	13	63 	89 
294	18	60 	204 
295	10	94 	34 
296	2	26 	30 
297	3	42 	27 
298	3	30 	30 
299	2	28 	30 
300	13	102 	154 
301	3	45 	27 
302	11	123 	101 
303	5	59 	34 
304	7	59 	31 
305	3	27 	48 
306	5	64 	59 
307	15	159 	114 
308	15	39 	39 
309	13	154 	154 
310	1	31 	33 
311	13	115 	37 
312	13	128 	63 
313	15	84 	129 
314	13	37 	154 
315	8	72 	40 
316	3	39 	33 
317	3	54 	39 
318	1	27 	32 
319	11	123 	134 
320	2	34 	28 
321	2	34 	40 
322	14	136 	66 
323	5	29 	54 
324	6	36 	66 
325	16	136 	40 
326	18	114 	96 
327	5	34 	59 
328	18	150 	150 
329	5	69 	64 
330	1	34 	25 
331	5	64 	54 
332	9	60 	42 
333	8	80 	72 
334	9	105 	96 
335	13	128 	115 
336	17	92 	126 
337	12	84 	36 
338	4	48 	40 
339	9	42 	69 
340	12	108 	120 
341	5	59 	39 
342	12	144 	132 
343	1	25 	31 
344	17	177 	109 
345	3	30 	54 
346	15	39 	114 
347	3	51 	54 
348	1	30 	34 
349	1	28 	33 
350	11	134 	68 
351	10	114 	64 
352	5	44 	39 
353	16	104 	88 
354	12	120 	132 
355	9	114 	96 
356	11	112 	101 
357	17	41 	41 
358	14	136 	94 
359	18	168 	96 
360	5	59 	74 
361	7	80 	80 
362	3	48 	42 
363	1	31 	28 
364	9	60 	78 
365	11	134 	35 
366	17	143 	126 
367	4	64 	48 
368	12	72 	60 
369	9	51 	78 
370	14	94 	66 
371	2	34 	26 
372	15	54 	39 
373	17	177 	58 
374	13	89 	115 
375	18	204 	168 
376	11	35 	112 
377	3	45 	51 
378	7	45 	87 
379	13	63 	76 
380	14	136 	164 
381	9	78 	105 
382	18	132 	150 
383	5	59 	29 
384	3	33 	54 
385	13	63 	63 
386	8	48 	48 
387	5	49 	44 
388	1	30 	34 
389	11	123 	79 
390	17	194 	177 
391	6	66 	66 
392	7	38 	87 
393	2	38 	40 
394	13	37 	76 
395	12	36 	144 
396	1	27 	34 
397	1	28 	25 
398	6	54 	84 
399	2	42 	38 
400	3	36 	48 
401	14	164 	150 
402	14	108 	80 
403	4	36 	60 
404	3	30 	27 
405	7	59 	94 
406	3	42 	30 
407	10	124 	34 
408	3	54 	27 
409	15	174 	39 
410	4	56 	64 
411	10	54 	74 
412	9	33 	69 
413	2	40 	44 
414	18	60 	168 
415	5	64 	44 
416	9	60 	78 
417	10	34 	44 
418	15	69 	69 
419	8	80 	72 
420	7	94 	45 
421	7	59 	87 
422	2	40 	40 
423	16	88 	136 
424	17	143 	75 
425	13	89 	50 
426	7	66 	31 
427	13	63 	76 
428	17	160 	75 
429	1	28 	29 
430	4	64 	48 
431	4	56 	52 
432	17	143 	143 
433	3	45 	36 
434	16	56 	88 
435	6	78 	72 
436	2	30 	34 
437	7	38 	73 
438	7	38 	80 
439	2	38 	34 
440	14	52 	108 
441	10	64 	124 
442	2	26 	26 
443	2	34 	30 
444	4	52 	44 
445	11	79 	134 
446	16	184 	104 
447	4	44 	32 
448	2	30 	30 
449	3	33 	39 
450	1	28 	25 
451	3	45 	33 
452	6	30 	30 
453	7	73 	38 
454	18	60 	96 
455	6	48 	54 
456	7	66 	80 
457	4	52 	44 
458	11	79 	68 
459	6	66 	84 
460	3	42 	30 
461	9	51 	33 
462	18	42 	60 
463	14	94 	80 
464	10	84 	84 
465	3	45 	51 
466	11	90 	79 
467	1	25 	25 
468	9	78 	105 
469	8	64 	104 
470	2	38 	40 
471	9	87 	78 
472	18	132 	168 
473	16	56 	40 
474	12	132 	144 
475	1	25 	31 
476	10	104 	74 
477	16	88 	40 
478	6	72 	72 
479	13	154 	115 
480	11	123 	79 
481	16	120 	88 
482	9	33 	87 
483	10	64 	74 
484	9	51 	60 
485	8	40 	64 
486	7	87 	31 
487	5	59 	59 
488	12	60 	144 
489	1	27 	29 
490	7	38 	66 
491	17	58 	160 
492	5	39 	74 
493	4	48 	48 
494	3	42 	51 
495	11	134 	35 
496	7	94 	52 
497	3	42 	33 
498	13	50 	76 
499	14	38 	38 
500	15	39 	99 
501	12	132 	96 
502	8	40 	96 
503	11	90 	123 
504	5	34 	44 
505	15	99 	114 
506	13	141 	102 
507	18	186 	150 
508	8	64 	64 
509	2	26 	30 
510	7	38 	73 
511	4	40 	40 
512	6	36 	84 
513	3	45 	39 
514	15	54 	129 
515	3	51 	33 
516	8	48 	64 
517	8	48 	80 
518	7	31 	80 
519	12	36 	108 
520	18	42 	114 
521	12	72 	48 
522	12	144 	96 
523	4	56 	60 
524	10	114 	124 
525	17	177 	92 
526	4	28 	64 
527	6	60 	78 
528	13	102 	141 
529	17	143 	143 
530	2	36 	38 
531	7	73 	38 
532	10	104 	104 
533	17	75 	143 
534	7	38 	73 
535	1	25 	27 
536	15	159 	159 
537	3	48 	27 
538	10	34 	44 
539	7	31 	31 
540	17	177 	177 
541	5	64 	44 
542	17	58 	75 
543	13	115 	37 
544	4	44 	64 
545	16	72 	152 
546	11	46 	46 
547	18	186 	96 
548	16	104 	184 
549	17	75 	126 
550	5	29 	34 
551	12	48 	72 
552	11	35 	123 
553	5	34 	49 
554	10	94 	64 
555	18	96 	204 
556	18	132 	150 
557	14	136 	80 
558	16	72 	104 
559	13	141 	141 
560	18	78 	96 
561	17	109 	143 
562	4	52 	32 
563	11	57 	57 
564	4	44 	28 
565	3	42 	36 
566	4	32 	48 
567	14	94 	136 
568	17	41 	160 
569	15	159 	39 
570	3	45 	33 
571	3	27 	36 
572	12	60 	72 
573	7	80 	52 
574	13	63 	128 
575	5	59 	69 
576	4	64 	44 
577	15	129 	84 
578	8	32 	80 
579	18	60 	96 
580	10	34 	74 
581	8	56 	32 
582	9	33 	78 
583	2	44 	32 
584	13	102 	141 
585	18	96 	60 
586	16	40 	56 
587	12	96 	36 
588	4	36 	64 
589	2	42 	34 
590	11	90 	68 
591	6	42 	42 
592	17	75 	177 
593	11	35 	112 
594	5	74 	49 
595	9	114 	78 
596	5	54 	39 
597	3	42 	45 
598	4	60 	52 
599	9	33 	96 
600	6	42 	84 
601	9	87 	33 
602	4	40 	36 
603	14	108 	136 
604	18	132 	150 
605	16	88 	120 
606	9	42 	51 
607	1	30 	29 
608	11	57 	112 
609	4	56 	40 
610	14	136 	136 
611	9	105 	51 
612	7	31 	80 
613	17	75 	194 
614	5	29 	39 
615	2	38 	26 
616	7	80 	59 
617	5	39 	39 
618	12	36 	36 
619	11	123 	123 
620	12	84 	72 
621	9	96 	60 
622	14	52 	136 
623	4	40 	56 
624	13	63 	141 
625	14	108 	136 
626	7	87 	66 
627	14	38 	38 
628	11	57 	101 
629	9	51 	87 
630	4	40 	52 
631	12	48 	120 
632	17	126 	143 
633	9	96 	60 
634	9	87 	96 
635	8	32 	32 
636	16	72 	184 
637	14	122 	136 
638	2	42 	40 
639	12	72 	36 
640	14	38 	80 
641	10	104 	74 
642	7	87 	38 
643	6	60 	54 
644	8	56 	72 
645	15	114 	114 
646	16	56 	152 
647	1	28 	25 
648	6	48 	30 
649	1	26 	25 
650	1	31 	27 
651	14	80 	136 
652	17	75 	58 
653	3	45 	39 
654	2	32 	30 
655	4	44 	36 
656	2	36 	30 
657	3	54 	33 
658	5	49 	39 
659	7	31 	31 
660	7	38 	66 
661	1	30 	25 
662	14	38 	80 
663	9	114 	78 
664	17	58 	92 
665	2	38 	42 
666	3	54 	51 
667	5	39 	29 
668	4	64 	60 
669	8	104 	48 
670	9	114 	33 
671	6	36 	60 
672	1	31 	28 
673	3	39 	33 
674	5	59 	69 
675	12	132 	144 
676	18	114 	204 
677	3	27 	51 
678	16	152 	120 
679	14	94 	150 
680	11	35 	134 
681	17	177 	41 
682	14	94 	66 
683	6	54 	54 
684	16	56 	72 
685	2	32 	32 
686	2	32 	34 
687	6	36 	66 
688	14	52 	38 
689	1	28 	32 
690	1	33 	26 
691	16	104 	152 
692	12	72 	72 
693	11	35 	79 
694	7	31 	38 
695	5	44 	44 
696	2	38 	26 
697	7	94 	38 
698	12	108 	60 
699	11	123 	68 
700	8	96 	56 
701	17	143 	92 
702	6	72 	30 
703	9	105 	69 
704	9	87 	69 
705	12	108 	84 
706	14	122 	38 
707	16	56 	136 
708	15	144 	159 
709	17	177 	41 
710	14	136 	150 
711	4	32 	28 
712	16	120 	56 
713	11	68 	134 
714	18	42 	132 
715	8	40 	104 
716	2	42 	36 
717	5	74 	59 
718	17	177 	92 
719	17	160 	58 
720	16	184 	88 
721	8	96 	80 
722	4	32 	44 
723	14	66 	38 
724	18	150 	96 
725	15	144 	174 
726	15	159 	69 
727	16	72 	72 
728	15	129 	84 
729	15	159 	174 
730	14	94 	122 
731	13	141 	102 
732	9	105 	105 
733	12	120 	60 
734	12	132 	144 
735	6	36 	54 
736	8	88 	64 
737	8	72 	32 
738	14	108 	94 
739	12	132 	96 
740	9	60 	51 
741	15	84 	114 
742	13	37 	115 
743	14	122 	136 
744	8	104 	88 
745	8	104 	72 
746	15	129 	129 
747	17	109 	92 
748	13	63 	63 
749	5	29 	74 
750	5	34 	39 
751	8	72 	72 
752	12	84 	120 
753	10	74 	64 
754	2	40 	40 
755	14	52 	38 
756	15	174 	54 
757	8	80 	104 
758	9	96 	33 
759	10	44 	94 
760	15	159 	144 
761	18	168 	204 
762	6	54 	30 
763	6	60 	48 
764	6	78 	78 
765	13	63 	89 
766	5	49 	74 
767	14	108 	150 
768	5	69 	64 
769	1	25 	33 
770	4	44 	28 
771	6	78 	42 
772	11	101 	90 
773	15	69 	69 
774	9	33 	78 
775	9	60 	78 
776	15	84 	84 
777	7	87 	66 
778	4	56 	44 
779	8	104 	72 
780	17	126 	41 
781	9	69 	60 
782	9	96 	60 
783	2	32 	40 
784	3	54 	45 
785	4	36 	64 
786	3	54 	42 
787	17	109 	194 
788	1	33 	26 
789	11	57 	123 
790	11	90 	134 
791	14	150 	164 
792	7	94 	94 
793	7	80 	66 
794	3	33 	42 
795	4	52 	60 
796	1	30 	33 
797	8	80 	80 
798	17	143 	109 
799	17	92 	194 
800	18	150 	150 
801	14	38 	108 
802	9	96 	87 
803	6	48 	48 
804	14	38 	66 
805	9	105 	114 
806	18	114 	186 
807	2	28 	26 
808	6	54 	36 
809	7	52 	66 
810	6	78 	30 
811	6	78 	78 
812	3	54 	27 
813	12	132 	120 
814	12	84 	84 
815	2	30 	42 
816	4	44 	32 
817	1	29 	31 
818	11	112 	57 
819	1	27 	32 
820	2	44 	38 
821	15	84 	39 
822	4	56 	40 
823	3	27 	51 
824	10	54 	44 
825	6	54 	30 
826	13	89 	128 
827	17	41 	194 
828	6	48 	84 
829	3	27 	45 
830	8	56 	104 
831	12	48 	84 
832	6	36 	78 
833	18	168 	150 
834	7	59 	73 
835	16	72 	72 
836	17	92 	92 
837	2	44 	28 
838	8	32 	104 
839	16	184 	104 
840	1	30 	32 
841	12	36 	144 
842	17	177 	194 
843	4	48 	44 
844	6	54 	72 
845	10	64 	44 
846	6	30 	54 
847	17	160 	109 
848	16	72 	72 
849	3	42 	54 
850	13	128 	89 
851	2	30 	28 
852	14	164 	136 
853	10	94 	104 
854	13	102 	154 
855	17	126 	109 
856	9	51 	42 
857	14	150 	80 
858	18	204 	150 
859	10	44 	74 
860	18	168 	78 
861	3	39 	27 
862	5	44 	29 
863	16	56 	88 
864	7	94 	45 
865	4	44 	36 
866	6	42 	42 
867	14	136 	52 
868	12	108 	132 
869	12	48 	48 
870	4	36 	40 
871	11	90 	90 
872	17	41 	177 
873	7	59 	31 
874	12	96 	96 
875	3	36 	42 
876	17	109 	160 
877	18	168 	132 
878	14	52 	108 
879	16	88 	168 
880	8	88 	40 
881	14	66 	94 
882	8	72 	104 
883	1	28 	33 
884	4	64 	56 
885	14	108 	164 
886	2	40 	36 
887	13	50 	102 
888	10	64 	124 
889	9	96 	114 
890	9	51 	114 
891	15	159 	159 
892	4	40 	60 
893	3	36 	39 
894	1	33 	32 
895	15	174 	54 
896	14	94 	80 
897	10	44 	54 
898	18	204 	168 
899	12	36 	48 
900	16	136 	72 
901	11	123 	90 
902	6	78 	66 
903	6	30 	78 
904	10	124 	124 
905	11	35 	134 
906	13	128 	89 
907	15	54 	144 
908	10	74 	114 
909	12	72 	96 
910	16	88 	104 
911	8	64 	104 
912	1	25 	27 
913	1	29 	25 
914	10	84 	34 
915	6	78 	60 
916	13	37 	141 
917	12	72 	96 
918	5	34 	29 
919	8	32 	72 
920	5	59 	54 
921	17	75 	194 
922	12	36 	84 
923	5	49 	39 
924	7	80 	31 
925	3	33 	27 
926	10	44 	34 
927	18	42 	78 
928	5	44 	49 
929	18	204 	114 
930	18	168 	114 
931	12	96 	108 
932	5	29 	44 
933	17	126 	177 
934	2	38 	36 
935	2	42 	40 
936	10	74 	94 
937	17	126 	126 
938	14	150 	52 
939	2	26 	32 
940	4	36 	56 
941	10	94 	64 
942	15	159 	54 
943	13	63 	50 
944	12	132 	36 
945	8	96 	48 
946	14	136 	94 
947	7	52 	87 
948	4	40 	60 
949	10	104 	124 
950	4	32 	36 
951	6	48 	30 
952	18	186 	132 
953	1	29 	33 
954	18	96 	204 
955	9	96 	78 
956	3	36 	33 
957	14	150 	38 
958	5	64 	59 
959	17	143 	194 
960	17	143 	92 
961	6	54 	84 
962	4	28 	52 
963	16	152 	88 
964	7	94 	66 
965	10	104 	104 
966	6	30 	66 
967	10	84 	64 
968	14	66 	80 
969	11	79 	90 
970	12	72 	60 
971	17	126 	109 
972	3	54 	48 
973	6	36 	78 
974	6	78 	60 
975	18	168 	42 
976	8	80 	72 
977	17	194 	92 
978	3	36 	39 
979	15	84 	129 
980	6	72 	84 
981	14	136 	66 
982	13	89 	89 
983	11	79 	46 
984	1	27 	27 
985	18	114 	204 
986	18	204 	42 
987	9	105 	96 
988	6	42 	84 
989	6	42 	66 
990	13	63 	154 
991	1	25 	32 
992	9	51 	33 
993	13	76 	102 
994	18	186 	42 
995	17	143 	92 
996	16	56 	136 
997	5	29 	39 
998	14	150 	66 
999	7	87 	38 
1000	5	59 	59 
1001	8	80 	80 
1002	15	144 	39 
1003	16	104 	104 
1004	12	144 	120 
1005	11	68 	101 
1006	10	84 	104 
1007	11	35 	101 
1008	6	30 	54 
1009	8	80 	40 
1010	9	60 	69 
1011	4	60 	48 
1012	13	115 	154 
1013	10	104 	84 
1014	9	69 	33 
1015	12	132 	132 
1016	2	28 	28 
1017	13	154 	102 
1018	17	126 	126 
1019	9	33 	42 
1020	4	48 	48 
1021	15	84 	174 
1022	4	40 	64 
1023	11	35 	35 
1024	3	27 	27 
1025	11	79 	46 
1026	3	36 	42 
1027	8	48 	96 
1028	6	72 	66 
1029	9	87 	33 
1030	5	74 	39 
1031	1	25 	26 
1032	10	84 	104 
1033	3	27 	42 
1034	5	74 	54 
1035	10	94 	94 
1036	5	74 	29 
1037	2	34 	40 
1038	10	34 	74 
1039	10	74 	74 
1040	4	52 	56 
1041	10	64 	74 
1042	14	150 	136 
1043	9	78 	87 
1044	4	44 	48 
1045	3	27 	48 
1046	5	54 	39 
1047	11	134 	101 
1048	15	114 	159 
1049	1	27 	26 
1050	2	26 	32 
1051	4	36 	32 
1052	6	54 	60 
1053	3	54 	48 
1054	12	48 	96 
1055	1	34 	28 
1056	12	144 	36 
1057	1	30 	26 
1058	11	101 	79 
1059	10	64 	54 
1060	14	108 	150 
1061	16	168 	184 
1062	17	160 	92 
1063	12	108 	120 
1064	10	34 	114 
1065	15	174 	84 
1066	1	31 	29 
1067	14	136 	94 
1068	7	52 	80 
1069	17	109 	126 
1070	18	150 	60 
1071	17	58 	58 
1072	6	72 	54 
1073	2	26 	44 
1074	12	48 	144 
1075	12	72 	120 
1076	17	194 	41 
1077	1	31 	31 
1078	15	84 	129 
1079	17	41 	92 
1080	10	54 	34 
1081	9	87 	33 
1082	13	141 	50 
1083	7	94 	45 
1084	4	56 	64 
1085	3	45 	54 
1086	1	26 	25 
1087	10	44 	34 
1088	5	74 	54 
1089	3	48 	54 
1090	16	168 	56 
1091	13	89 	115 
1092	13	37 	63 
1093	11	101 	46 
1094	4	64 	36 
1095	17	109 	41 
1096	3	48 	48 
1097	17	194 	177 
1098	5	49 	74 
1099	16	152 	56 
1100	18	204 	150 
1101	17	126 	126 
1102	9	114 	60 
1103	13	37 	115 
1104	6	66 	84 
1105	17	126 	160 
1106	2	36 	28 
1107	16	104 	136 
1108	4	52 	48 
1109	8	104 	96 
1110	6	78 	78 
1111	15	39 	54 
1112	9	96 	78 
1113	10	84 	44 
1114	6	84 	54 
1115	16	152 	184 
1116	6	48 	78 
1117	3	36 	42 
1118	7	87 	80 
1119	18	186 	96 
1120	4	52 	28 
1121	10	84 	74 
1122	18	168 	42 
1123	8	40 	48 
1124	14	150 	108 
1125	4	40 	44 
1126	3	42 	33 
1127	8	80 	88 
1128	18	132 	78 
1129	5	49 	74 
1130	9	60 	60 
1131	7	31 	52 
1132	17	75 	160 
1133	5	34 	59 
1134	14	164 	150 
1135	18	132 	186 
1136	5	44 	39 
1137	8	96 	96 
1138	8	64 	48 
1139	1	26 	28 
1140	18	168 	132 
1141	6	30 	36 
1142	18	204 	42 
1143	1	29 	30 
1144	17	41 	160 
1145	3	33 	30 
1146	8	96 	56 
1147	12	84 	72 
1148	9	60 	51 
1149	15	84 	114 
1150	11	101 	46 
1151	17	92 	160 
1152	13	154 	37 
1153	9	33 	114 
1154	16	168 	136 
1155	8	72 	32 
1156	15	99 	144 
1157	3	51 	33 
1158	15	174 	144 
1159	8	48 	104 
1160	18	78 	168 
1161	7	80 	66 
1162	17	109 	109 
1163	16	88 	120 
1164	1	32 	33 
1165	9	105 	78 
1166	4	36 	48 
1167	16	56 	152 
1168	12	120 	108 
1169	3	45 	45 
1170	9	60 	96 
1171	14	66 	136 
1172	12	72 	60 
1173	8	40 	80 
1174	8	48 	88 
1175	11	57 	68 
1176	10	114 	44 
1177	6	54 	78 
1178	11	101 	112 
1179	16	40 	88 
1180	5	69 	44 
1181	9	42 	114 
1182	5	59 	64 
1183	18	168 	114 
1184	17	41 	109 
1185	6	48 	36 
1186	6	60 	48 
1187	13	76 	102 
1188	16	152 	56 
1189	16	184 	72 
1190	17	109 	160 
1191	16	168 	152 
1192	12	84 	108 
1193	17	160 	58 
1194	15	129 	54 
1195	5	34 	29 
1196	14	108 	66 
1197	6	84 	78 
1198	2	26 	32 
1199	1	31 	26 
1200	16	104 	152 
1201	11	68 	57 
1202	17	75 	126 
1203	15	174 	54 
1204	17	109 	126 
1205	17	126 	160 
1206	3	30 	30 
1207	7	45 	45 
1208	14	108 	38 
1209	13	154 	63 
1210	9	96 	42 
1211	2	28 	42 
1212	13	37 	128 
1213	8	32 	72 
1214	14	108 	150 
1215	2	30 	40 
1216	7	80 	73 
1217	15	159 	114 
1218	18	150 	42 
1219	10	114 	104 
1220	7	87 	80 
1221	2	34 	32 
1222	10	44 	94 
1223	15	69 	99 
1224	6	36 	48 
1225	7	87 	59 
1226	13	154 	37 
1227	18	186 	168 
1228	11	57 	79 
1229	16	184 	72 
1230	15	114 	144 
1231	11	57 	57 
1232	15	159 	114 
1233	16	136 	120 
1234	10	104 	44 
1235	6	54 	78 
1236	11	101 	112 
1237	11	123 	68 
1238	14	164 	38 
1239	15	69 	39 
1240	4	28 	28 
1241	16	40 	72 
1242	1	30 	26 
1243	5	44 	64 
1244	7	73 	59 
1245	7	94 	80 
1246	13	128 	50 
1247	14	150 	80 
1248	12	108 	60 
1249	2	34 	34 
1250	8	32 	88 
1251	17	58 	75 
1252	2	44 	40 
1253	1	33 	30 
1254	11	134 	57 
1255	13	76 	128 
1256	3	45 	51 
1257	5	74 	39 
1258	15	174 	144 
1259	18	168 	42 
1260	8	72 	104 
1261	16	184 	104 
1262	16	184 	120 
1263	2	36 	26 
1264	10	84 	104 
1265	4	44 	40 
1266	18	132 	204 
1267	5	29 	44 
1268	17	126 	126 
1269	2	36 	34 
1270	9	33 	42 
1271	4	32 	36 
1272	10	114 	54 
1273	6	36 	78 
1274	11	35 	79 
1275	8	88 	80 
1276	18	132 	60 
1277	16	136 	40 
1278	7	87 	87 
1279	8	72 	56 
1280	8	40 	96 
1281	2	30 	36 
1282	15	144 	129 
1283	8	40 	104 
1284	6	54 	36 
1285	10	94 	74 
1286	9	60 	51 
1287	7	73 	73 
1288	17	143 	177 
1289	13	115 	115 
1290	17	41 	109 
1291	5	74 	54 
1292	10	34 	124 
1293	12	84 	36 
1294	9	60 	105 
1295	6	60 	84 
1296	12	84 	48 
1297	13	63 	63 
1298	2	28 	30 
1299	5	29 	54 
1300	12	36 	120 
1301	12	96 	60 
1302	7	87 	31 
1303	14	94 	150 
1304	9	33 	69 
1305	4	36 	56 
1306	5	74 	69 
1307	4	32 	32 
1308	16	120 	136 
1309	10	84 	104 
1310	12	108 	48 
1311	5	74 	29 
1312	15	114 	69 
1313	11	112 	134 
1314	8	96 	40 
1315	4	52 	52 
1316	4	28 	32 
1317	2	38 	32 
1318	10	104 	34 
1319	13	128 	63 
1320	2	28 	42 
1321	11	46 	68 
1322	14	94 	80 
1323	15	129 	69 
1324	12	36 	108 
1325	1	31 	25 
1326	6	66 	60 
1327	18	204 	150 
1328	13	154 	102 
1329	10	64 	34 
1330	11	123 	123 
1331	16	56 	104 
1332	17	92 	109 
1333	2	34 	36 
1334	7	45 	80 
1335	14	108 	164 
1336	3	45 	33 
1337	18	168 	60 
1338	4	48 	44 
1339	9	96 	69 
1340	16	40 	40 
1341	13	128 	76 
1342	2	32 	26 
1343	18	204 	150 
1344	4	44 	52 
1345	6	78 	48 
1346	11	134 	46 
1347	13	154 	76 
1348	8	32 	88 
1349	12	108 	120 
1350	10	84 	64 
1351	5	34 	39 
1352	4	56 	32 
1353	5	29 	29 
1354	8	32 	72 
1355	1	34 	32 
1356	7	31 	80 
1357	7	59 	45 
1358	8	88 	56 
1359	18	132 	96 
1360	4	36 	48 
1361	14	164 	66 
1362	12	60 	144 
1363	15	174 	84 
1364	12	108 	132 
1365	8	32 	32 
1366	12	84 	84 
1367	10	104 	104 
1368	18	168 	132 
1369	16	40 	88 
1370	5	39 	69 
1371	3	48 	27 
1372	6	36 	72 
1373	15	159 	159 
1374	7	87 	52 
1375	2	34 	38 
1376	7	73 	38 
1377	17	194 	160 
1378	4	32 	40 
1379	8	104 	80 
1380	3	51 	45 
1381	18	78 	132 
1382	12	72 	48 
1383	11	112 	90 
1384	2	36 	38 
1385	7	80 	31 
1386	5	59 	44 
1387	18	132 	204 
1388	7	94 	38 
1389	8	80 	96 
1390	11	35 	57 
1391	3	42 	39 
1392	4	32 	32 
1393	9	69 	87 
1394	12	108 	144 
1395	14	122 	122 
1396	15	69 	99 
1397	17	92 	194 
1398	1	31 	33 
1399	11	57 	123 
1400	7	45 	31 
1401	9	69 	105 
1402	2	36 	40 
1403	3	45 	42 
1404	13	128 	37 
1405	10	124 	94 
1406	13	128 	89 
1407	9	105 	69 
1408	7	38 	45 
1409	17	109 	126 
1410	2	36 	32 
1411	2	32 	28 
1412	7	59 	45 
1413	14	150 	150 
1414	12	132 	132 
1415	13	50 	115 
1416	17	109 	92 
1417	7	94 	94 
1418	11	90 	101 
1419	8	80 	56 
1420	9	105 	96 
1421	9	87 	42 
1422	11	68 	123 
1423	10	104 	64 
1424	15	129 	174 
1425	18	42 	114 
1426	11	90 	90 
1427	7	59 	31 
1428	14	94 	38 
1429	16	40 	168 
1430	18	204 	132 
1431	10	114 	54 
1432	8	64 	48 
1433	5	74 	44 
1434	12	84 	120 
1435	2	38 	44 
1436	16	120 	120 
1437	8	64 	40 
1438	2	32 	36 
1439	2	42 	44 
1440	18	132 	114 
1441	12	72 	144 
1442	16	104 	40 
1443	11	68 	101 
1444	8	72 	56 
1445	5	29 	44 
1446	18	60 	168 
1447	18	42 	150 
1448	5	54 	54 
1449	15	144 	84 
1450	7	66 	59 
1451	13	102 	76 
1452	4	32 	64 
1453	17	143 	109 
1454	2	40 	38 
1455	7	31 	31 
1456	4	28 	60 
1457	12	144 	144 
1458	7	52 	87 
1459	9	60 	78 
1460	7	52 	94 
1461	11	123 	79 
1462	6	30 	36 
1463	18	150 	204 
1464	4	40 	56 
1465	13	63 	141 
1466	1	26 	28 
1467	6	84 	30 
1468	18	150 	60 
1469	12	72 	84 
1470	16	40 	184 
1471	2	32 	34 
1472	4	56 	32 
1473	18	60 	114 
1474	10	64 	44 
1475	18	168 	132 
1476	7	94 	94 
1477	2	42 	34 
1478	15	54 	69 
1479	8	88 	32 
1480	17	92 	177 
1481	4	32 	64 
1482	13	141 	115 
1483	3	30 	54 
1484	16	184 	72 
1485	5	29 	49 
1486	1	30 	31 
1487	18	60 	168 
1488	16	56 	120 
1489	1	26 	31 
1490	4	40 	36 
1491	5	34 	74 
1492	12	72 	132 
1493	7	52 	87 
1494	15	114 	159 
1495	9	105 	78 
1496	1	25 	32 
1497	3	42 	33 
1498	10	124 	84 
1499	7	66 	45 
1500	9	33 	60 
1501	15	39 	99 
1502	9	69 	33 
1503	5	39 	54 
1504	6	72 	60 
1505	5	59 	34 
1506	9	51 	87 
1507	11	134 	90 
1508	2	40 	40 
1509	15	129 	39 
1510	14	164 	66 
1511	15	129 	114 
1512	13	128 	63 
1513	15	129 	114 
1514	3	33 	51 
1515	8	48 	40 
1516	16	88 	152 
1517	12	60 	144 
1518	9	96 	96 
1519	14	38 	150 
1520	3	45 	45 
1521	16	104 	104 
1522	15	99 	144 
1523	12	60 	84 
1524	7	59 	31 
1525	11	46 	46 
1526	3	48 	33 
1527	2	30 	40 
1528	11	123 	90 
1529	10	114 	34 
1530	1	31 	32 
1531	18	150 	42 
1532	1	25 	32 
1533	6	30 	30 
1534	6	30 	36 
1535	14	66 	136 
1536	12	120 	48 
1537	17	126 	41 
1538	12	48 	60 
1539	8	32 	72 
1540	10	84 	54 
1541	12	72 	72 
1542	6	60 	42 
1543	9	51 	51 
1544	9	42 	87 
1545	7	38 	80 
1546	16	104 	56 
1547	10	74 	74 
1548	5	34 	54 
1549	14	52 	94 
1550	9	60 	87 
1551	3	27 	27 
1552	2	34 	40 
1553	14	122 	52 
1554	4	28 	60 
1555	2	38 	26 
1556	12	108 	120 
1557	10	104 	34 
1558	1	26 	34 
1559	8	88 	40 
1560	12	144 	48 
1561	4	56 	52 
1562	15	159 	54 
1563	6	66 	30 
1564	1	29 	29 
1565	17	143 	126 
1566	8	96 	56 
1567	16	40 	40 
1568	11	134 	112 
1569	8	96 	104 
1570	17	109 	41 
1571	2	38 	38 
1572	10	34 	124 
1573	15	69 	144 
1574	16	88 	136 
1575	8	32 	48 
1576	12	96 	72 
1577	14	164 	136 
1578	4	32 	28 
1579	15	159 	129 
1580	10	54 	104 
1581	4	48 	44 
1582	7	38 	31 
1583	12	84 	60 
1584	8	64 	64 
1585	14	52 	108 
1586	16	152 	72 
1587	3	39 	51 
1588	11	68 	35 
1589	4	36 	40 
1590	8	64 	80 
1591	2	38 	40 
1592	18	60 	60 
1593	9	105 	33 
1594	1	26 	33 
1595	9	78 	51 
1596	7	45 	73 
1597	17	177 	58 
1598	2	28 	36 
1599	6	60 	30 
1600	8	56 	56 
1601	9	60 	87 
1602	13	102 	141 
1603	1	29 	25 
1604	1	29 	28 
1605	4	52 	40 
1606	8	96 	80 
1607	6	42 	84 
1608	18	78 	42 
1609	15	54 	84 
1610	15	84 	159 
1611	16	56 	72 
1612	3	45 	36 
1613	8	48 	80 
1614	1	28 	26 
1615	18	96 	96 
1616	13	154 	141 
1617	5	34 	69 
1618	16	72 	40 
1619	2	38 	34 
1620	13	63 	102 
1621	8	104 	88 
1622	18	132 	150 
1623	9	114 	87 
1624	11	68 	101 
1625	11	57 	35 
1626	18	78 	60 
1627	18	168 	186 
1628	5	59 	39 
1629	17	75 	126 
1630	18	204 	186 
1631	9	51 	114 
1632	18	186 	132 
1633	18	96 	78 
1634	16	88 	104 
1635	18	150 	186 
1636	15	84 	144 
1637	3	36 	42 
1638	1	26 	25 
1639	15	174 	114 
1640	13	63 	89 
1641	18	60 	96 
1642	5	34 	34 
1643	12	96 	36 
1644	18	150 	132 
1645	7	66 	94 
1646	12	108 	84 
1647	10	54 	104 
1648	3	45 	45 
1649	5	39 	39 
1650	14	136 	122 
1651	14	136 	38 
1652	12	72 	144 
1653	1	28 	25 
1654	7	66 	66 
1655	15	114 	54 
1656	7	73 	66 
1657	18	42 	168 
1658	6	54 	66 
1659	2	44 	28 
1660	11	35 	123 
1661	5	39 	54 
1662	16	56 	120 
1663	12	84 	60 
1664	3	33 	48 
1665	12	72 	132 
1666	6	54 	84 
1667	2	42 	28 
1668	14	122 	122 
1669	5	49 	49 
1670	18	204 	168 
1671	6	60 	72 
1672	18	186 	60 
1673	15	99 	69 
1674	4	40 	28 
1675	13	115 	154 
1676	7	94 	87 
1677	17	58 	75 
1678	9	33 	51 
1679	17	177 	177 
1680	2	38 	34 
1681	15	54 	114 
1682	3	27 	39 
1683	14	136 	38 
1684	1	32 	27 
1685	2	38 	38 
1686	15	144 	39 
1687	5	64 	74 
1688	6	48 	42 
1689	13	76 	128 
1690	10	64 	94 
1691	10	34 	64 
1692	3	48 	51 
1693	12	96 	120 
1694	5	29 	64 
1695	4	56 	48 
1696	16	56 	72 
1697	18	132 	114 
1698	18	42 	150 
1699	1	32 	34 
1700	3	48 	39 
1701	15	114 	174 
1702	17	41 	143 
1703	5	34 	44 
1704	7	52 	87 
1705	9	114 	69 
1706	8	96 	40 
1707	5	49 	59 
1708	12	48 	96 
1709	14	150 	52 
1710	6	60 	48 
1711	17	92 	126 
1712	10	44 	84 
1713	10	74 	114 
1714	9	33 	87 
1715	1	25 	27 
1716	18	60 	96 
1717	2	26 	30 
1718	10	64 	94 
1719	12	132 	60 
1720	17	92 	194 
1721	18	132 	150 
1722	16	56 	136 
1723	15	99 	69 
1724	1	33 	31 
1725	8	64 	96 
1726	18	186 	114 
1727	7	45 	31 
1728	8	64 	40 
1729	11	79 	123 
1730	8	64 	96 
1731	18	186 	204 
1732	8	96 	72 
1733	6	54 	30 
1734	8	80 	56 
1735	8	48 	48 
1736	8	56 	72 
1737	12	108 	96 
1738	14	108 	52 
1739	3	33 	51 
1740	11	79 	57 
1741	18	150 	186 
1742	11	35 	134 
1743	1	34 	27 
1744	4	56 	32 
1745	4	32 	44 
1746	11	90 	68 
1747	7	80 	94 
1748	5	44 	74 
1749	10	114 	104 
1750	16	56 	72 
1751	10	84 	124 
1752	9	33 	51 
1753	8	32 	32 
1754	11	123 	90 
1755	17	109 	177 
1756	2	38 	30 
1757	13	76 	115 
1758	4	52 	36 
1759	7	52 	38 
1760	6	54 	36 
1761	16	168 	152 
1762	16	56 	184 
1763	9	105 	33 
1764	14	164 	38 
1765	7	73 	38 
1766	1	26 	32 
1767	10	54 	114 
1768	4	48 	28 
1769	16	104 	168 
1770	6	72 	72 
1771	16	88 	88 
1772	12	96 	144 
1773	17	58 	41 
1774	7	45 	59 
1775	13	89 	89 
1776	3	27 	36 
1777	4	60 	40 
1778	7	87 	66 
1779	4	56 	36 
1780	12	144 	60 
1781	16	72 	104 
1782	7	73 	59 
1783	10	44 	64 
1784	7	52 	87 
1785	7	94 	31 
1786	14	122 	66 
1787	10	104 	64 
1788	6	48 	66 
1789	5	54 	64 
1790	16	152 	120 
1791	1	27 	27 
1792	11	35 	134 
1793	8	96 	104 
1794	11	35 	134 
1795	16	120 	184 
1796	10	64 	84 
1797	17	41 	177 
1798	13	63 	115 
1799	16	168 	184 
1800	15	54 	129 
1801	6	30 	54 
1802	6	30 	36 
1803	18	42 	42 
1804	3	27 	48 
1805	16	168 	56 
1806	5	39 	59 
1807	7	52 	73 
1808	5	29 	59 
1809	2	34 	32 
1810	7	87 	66 
1811	3	36 	45 
1812	10	114 	54 
1813	9	33 	78 
1814	5	44 	74 
1815	3	36 	54 
1816	1	32 	32 
1817	13	63 	128 
1818	2	44 	38 
1819	12	144 	48 
1820	12	60 	96 
1821	16	184 	168 
1822	18	186 	186 
1823	17	160 	109 
1824	9	42 	96 
1825	3	54 	45 
1826	17	177 	58 
1827	6	72 	36 
1828	13	154 	50 
1829	6	78 	54 
1830	13	115 	37 
1831	6	48 	60 
1832	6	54 	66 
1833	9	33 	78 
1834	1	27 	27 
1835	8	32 	80 
1836	3	30 	42 
1837	5	69 	59 
1838	17	58 	109 
1839	3	45 	54 
1840	11	101 	112 
1841	15	84 	159 
1842	7	66 	45 
1843	12	60 	60 
1844	9	60 	87 
1845	16	168 	136 
1846	6	54 	66 
1847	18	204 	114 
1848	12	84 	144 
1849	18	186 	96 
1850	18	168 	150 
1851	3	42 	36 
1852	5	69 	39 
1853	14	108 	38 
1854	2	42 	42 
1855	5	34 	34 
1856	2	32 	42 
1857	1	34 	33 
1858	17	126 	75 
1859	10	34 	44 
1860	10	94 	124 
1861	16	168 	136 
1862	13	102 	128 
1863	12	48 	144 
1864	14	136 	136 
1865	10	94 	64 
1866	8	56 	72 
1867	16	104 	152 
1868	2	28 	38 
1869	15	114 	69 
1870	14	122 	94 
1871	17	75 	177 
1872	8	32 	56 
1873	4	56 	56 
1874	11	68 	46 
1875	10	44 	44 
1876	1	29 	28 
1877	13	128 	76 
1878	18	204 	186 
1879	6	48 	72 
1880	18	42 	150 
1881	6	48 	66 
1882	13	102 	89 
1883	18	132 	186 
1884	16	104 	136 
1885	12	132 	108 
1886	9	51 	69 
1887	16	120 	40 
1888	8	104 	88 
1889	15	39 	144 
1890	10	34 	34 
1891	12	132 	108 
1892	10	114 	124 
1893	8	80 	64 
1894	13	141 	115 
1895	5	34 	39 
1896	10	84 	54 
1897	6	36 	84 
1898	7	59 	80 
1899	18	204 	132 
1900	18	150 	150 
1901	3	42 	48 
1902	11	68 	112 
1903	15	54 	69 
1904	17	160 	194 
1905	6	54 	36 
1906	18	78 	204 
1907	15	99 	69 
1908	6	66 	66 
1909	6	60 	84 
1910	11	79 	112 
1911	4	36 	36 
1912	8	32 	40 
1913	14	136 	136 
1914	13	63 	154 
1915	1	29 	33 
1916	17	58 	109 
1917	2	32 	30 
1918	7	80 	66 
1919	2	26 	26 
1920	10	74 	34 
1921	14	80 	122 
1922	14	164 	80 
1923	1	28 	34 
1924	6	48 	84 
1925	9	96 	51 
1926	7	80 	38 
1927	5	74 	34 
1928	12	132 	84 
1929	8	64 	40 
1930	17	126 	126 
1931	8	80 	64 
1932	12	108 	144 
1933	17	126 	58 
1934	2	42 	30 
1935	5	54 	39 
1936	2	40 	34 
1937	16	152 	168 
1938	11	79 	90 
1939	13	50 	76 
1940	5	59 	39 
1941	2	40 	28 
1942	6	72 	36 
1943	7	87 	59 
1944	11	35 	35 
1945	1	32 	31 
1946	9	78 	51 
1947	3	48 	48 
1948	15	159 	69 
1949	11	112 	134 
1950	5	49 	54 
1951	5	69 	34 
1952	14	80 	94 
1953	9	51 	33 
1954	9	51 	42 
1955	14	108 	108 
1956	13	76 	141 
1957	17	177 	75 
1958	11	123 	123 
1959	18	96 	114 
1960	1	34 	26 
1961	2	32 	30 
1962	18	150 	42 
1963	13	154 	128 
1964	4	52 	56 
1965	14	150 	94 
1966	9	96 	42 
1967	2	44 	26 
1968	18	204 	78 
1969	13	141 	154 
1970	14	122 	122 
1971	14	80 	136 
1972	5	34 	54 
1973	6	84 	78 
1974	12	84 	120 
1975	12	132 	108 
1976	9	114 	114 
1977	1	25 	32 
1978	9	69 	69 
1979	5	39 	39 
1980	17	58 	41 
1981	5	34 	64 
1982	1	34 	32 
1983	12	120 	72 
1984	7	45 	73 
1985	16	184 	56 
1986	2	40 	26 
1987	7	38 	73 
1988	6	30 	48 
1989	9	42 	87 
1990	4	52 	64 
1991	12	72 	132 
1992	8	96 	56 
1993	15	54 	84 
1994	3	45 	33 
1995	6	30 	30 
1996	3	39 	36 
1997	3	27 	27 
1998	2	34 	44 
1999	18	150 	60 
2000	16	152 	88 
2001	7	45 	31 
2002	5	59 	49 
2003	2	42 	32 
2004	17	75 	160 
2005	10	94 	54 
2006	17	160 	75 
2007	17	92 	126 
2008	10	44 	34 
2009	15	144 	114 
2010	15	144 	69 
2011	1	28 	32 
2012	9	60 	60 
2013	5	59 	49 
2014	2	34 	36 
2015	6	42 	72 
2016	16	104 	104 
2017	3	48 	42 
2018	14	108 	150 
2019	8	48 	80 
2020	12	60 	108 
2021	4	64 	64 
2022	18	150 	150 
2023	9	78 	105 
2024	6	78 	78 
2025	14	122 	80 
2026	3	39 	54 
2027	6	30 	60 
2028	2	36 	38 
2029	17	41 	126 
2030	17	75 	75 
2031	1	30 	32 
2032	12	144 	120 
2033	12	84 	120 
2034	4	32 	40 
2035	7	80 	66 
2036	1	29 	25 
2037	10	64 	94 
2038	6	84 	78 
2039	13	128 	63 
2040	2	30 	32 
2041	5	44 	74 
2042	11	134 	57 
2043	17	58 	92 
2044	1	32 	33 
2045	18	42 	42 
2046	6	48 	60 
2047	8	72 	80 
2048	18	204 	168 
2049	6	60 	42 
2050	9	105 	60 
2051	16	184 	136 
2052	16	72 	136 
2053	1	27 	33 
2054	3	33 	30 
2055	7	80 	66 
2056	12	36 	60 
2057	17	126 	41 
2058	13	128 	76 
2059	6	48 	36 
2060	3	36 	54 
2061	5	59 	34 
2062	17	126 	126 
2063	9	60 	114 
2064	9	69 	96 
2065	12	96 	144 
2066	5	34 	74 
2067	14	66 	66 
2068	6	84 	72 
2069	11	90 	123 
2070	1	29 	26 
2071	12	120 	96 
2072	3	48 	39 
2073	17	143 	177 
2074	4	52 	56 
2075	1	30 	25 
2076	4	52 	52 
2077	11	123 	68 
2078	15	114 	144 
2079	2	32 	40 
2080	2	36 	38 
2081	13	154 	115 
2082	14	80 	38 
2083	10	74 	44 
2084	8	88 	40 
2085	15	144 	144 
2086	11	35 	112 
2087	1	30 	30 
2088	18	60 	60 
2089	11	79 	35 
2090	15	144 	39 
2091	10	104 	94 
2092	7	45 	66 
2093	18	78 	186 
2094	7	73 	73 
2095	13	102 	154 
2096	6	42 	30 
2097	12	60 	36 
2098	2	44 	44 
2099	13	76 	141 
2100	17	92 	41 
2101	2	40 	42 
2102	17	143 	160 
2103	3	54 	54 
2104	17	92 	160 
2105	10	84 	114 
2106	6	60 	30 
2107	15	69 	174 
2108	13	76 	63 
2109	6	30 	48 
2110	8	80 	72 
2111	4	36 	32 
2112	17	143 	92 
2113	15	54 	39 
2114	1	31 	27 
2115	2	32 	28 
2116	3	51 	36 
2117	6	30 	48 
2118	8	88 	40 
2119	8	64 	104 
2120	8	32 	88 
2121	4	60 	60 
2122	14	66 	38 
2123	6	60 	78 
2124	11	134 	101 
2125	12	132 	96 
2126	1	28 	29 
2127	8	48 	40 
2128	7	73 	73 
2129	3	30 	33 
2130	11	57 	123 
2131	17	41 	41 
2132	12	72 	72 
2133	12	120 	60 
2134	8	80 	88 
2135	12	120 	108 
2136	15	84 	69 
2137	12	48 	120 
2138	7	52 	66 
2139	2	28 	36 
2140	12	96 	36 
2141	1	31 	33 
2142	7	80 	38 
2143	12	84 	48 
2144	2	34 	38 
2145	16	72 	104 
2146	11	46 	101 
2147	13	102 	76 
2148	13	154 	128 
2149	12	84 	132 
2150	6	42 	60 
2151	9	105 	60 
2152	6	54 	72 
2153	1	25 	29 
2154	3	45 	27 
2155	8	64 	56 
2156	13	63 	37 
2157	12	36 	108 
2158	12	132 	48 
2159	14	136 	80 
2160	3	48 	27 
2161	2	32 	28 
2162	5	64 	29 
2163	12	120 	144 
2164	1	31 	27 
2165	12	108 	144 
2166	7	38 	45 
2167	3	42 	30 
2168	1	31 	32 
2169	6	72 	84 
2170	15	129 	69 
2171	6	30 	30 
2172	7	94 	52 
2173	17	58 	160 
2174	14	94 	164 
2175	10	54 	64 
2176	5	64 	74 
2177	16	72 	136 
2178	17	75 	58 
2179	18	78 	150 
2180	14	164 	150 
2181	13	37 	128 
2182	17	58 	58 
2183	16	40 	184 
2184	7	31 	73 
2185	18	114 	132 
2186	12	60 	36 
2187	16	40 	88 
2188	10	74 	64 
2189	1	29 	25 
2190	12	120 	132 
2191	4	28 	32 
2192	7	80 	73 
2193	13	37 	141 
2194	15	159 	54 
2195	6	42 	60 
2196	12	48 	120 
2197	3	42 	51 
2198	7	94 	59 
2199	2	30 	36 
2200	14	38 	80 
2201	9	96 	69 
2202	4	32 	32 
2203	1	34 	28 
2204	15	159 	99 
2205	11	134 	35 
2206	14	80 	136 
2207	17	160 	109 
2208	6	60 	30 
2209	12	96 	132 
2210	3	27 	30 
2211	4	60 	28 
2212	9	96 	96 
2213	5	39 	39 
2214	7	80 	80 
2215	8	88 	40 
2216	1	30 	27 
2217	2	36 	34 
2218	11	68 	57 
2219	18	186 	96 
2220	6	84 	84 
2221	4	60 	32 
2222	9	78 	114 
2223	3	36 	36 
2224	14	136 	164 
2225	11	90 	35 
2226	18	96 	150 
2227	2	38 	38 
2228	10	114 	84 
2229	14	108 	66 
2230	5	69 	74 
2231	7	38 	38 
2232	5	39 	59 
2233	16	184 	136 
2234	11	112 	79 
2235	13	102 	63 
2236	2	32 	36 
2237	4	44 	28 
2238	11	123 	79 
2239	7	66 	80 
2240	7	73 	45 
2241	16	120 	104 
2242	7	80 	87 
2243	4	28 	32 
2244	10	84 	104 
2245	7	66 	45 
2246	5	54 	29 
2247	13	102 	154 
2248	6	78 	48 
2249	18	96 	204 
2250	15	159 	129 
2251	3	36 	42 
2252	12	108 	96 
2253	6	84 	78 
2254	5	64 	29 
2255	4	52 	44 
2256	2	40 	28 
2257	5	39 	29 
2258	9	78 	114 
2259	9	33 	78 
2260	18	186 	60 
2261	13	115 	141 
2262	11	57 	90 
2263	3	51 	51 
2264	10	64 	54 
2265	13	128 	141 
2266	7	94 	66 
2267	17	41 	75 
2268	13	128 	102 
2269	14	164 	52 
2270	16	168 	184 
2271	4	52 	60 
2272	6	42 	54 
2273	2	42 	44 
2274	2	44 	38 
2275	1	28 	28 
2276	14	122 	52 
2277	11	46 	134 
2278	13	102 	141 
2279	1	34 	28 
2280	9	96 	78 
2281	8	80 	48 
2282	10	74 	64 
2283	8	48 	56 
2284	9	60 	33 
2285	16	104 	56 
2286	2	32 	40 
2287	15	54 	114 
2288	5	34 	39 
2289	12	60 	48 
2290	14	94 	150 
2291	6	60 	42 
2292	5	34 	39 
2293	9	105 	114 
2294	3	27 	30 
2295	10	34 	54 
2296	3	48 	33 
2297	18	114 	150 
2298	14	136 	94 
2299	11	35 	90 
2300	8	72 	104 
2301	17	126 	126 
2302	16	104 	104 
2303	12	60 	84 
2304	8	40 	104 
2305	16	72 	56 
2306	6	78 	36 
2307	13	141 	102 
2308	14	108 	108 
2309	9	105 	78 
2310	14	150 	38 
2311	14	66 	164 
2312	9	105 	87 
2313	5	44 	59 
2314	8	72 	48 
2315	18	132 	132 
2316	10	94 	94 
2317	3	39 	54 
2318	18	60 	42 
2319	3	39 	48 
2320	5	54 	69 
2321	12	48 	84 
2322	16	136 	184 
2323	18	150 	96 
2324	6	48 	78 
2325	3	45 	54 
2326	7	38 	80 
2327	9	60 	42 
2328	7	31 	45 
2329	11	57 	57 
2330	8	32 	56 
2331	7	45 	80 
2332	18	150 	78 
2333	10	114 	54 
2334	2	38 	38 
2335	5	64 	29 
2336	16	104 	120 
2337	12	72 	144 
2338	2	40 	28 
2339	13	89 	128 
2340	14	150 	94 
2341	13	141 	50 
2342	6	36 	42 
2343	10	64 	54 
2344	16	136 	120 
2345	6	36 	84 
2346	13	50 	37 
2347	1	33 	30 
2348	3	36 	42 
2349	2	44 	40 
2350	8	56 	88 
2351	6	78 	36 
2352	2	26 	26 
2353	9	51 	42 
2354	14	66 	150 
2355	12	96 	36 
2356	7	87 	59 
2357	6	78 	60 
2358	4	32 	60 
2359	3	45 	27 
2360	15	39 	144 
2361	18	60 	114 
2362	11	123 	46 
2363	3	30 	51 
2364	17	177 	143 
2365	9	33 	51 
2366	1	30 	32 
2367	6	66 	60 
2368	6	60 	42 
2369	4	52 	40 
2370	2	26 	32 
2371	10	54 	34 
2372	8	88 	72 
2373	5	59 	64 
2374	2	30 	40 
2375	2	32 	26 
2376	11	35 	46 
2377	17	92 	126 
2378	8	80 	96 
2379	14	122 	108 
2380	17	194 	194 
2381	16	168 	56 
2382	5	59 	29 
2383	16	152 	168 
2384	15	159 	99 
2385	7	80 	38 
2386	7	73 	80 
2387	9	87 	105 
2388	9	78 	114 
2389	3	39 	27 
2390	8	32 	56 
2391	6	48 	60 
2392	2	40 	28 
2393	16	88 	88 
2394	11	101 	123 
2395	7	45 	52 
2396	1	30 	33 
2397	17	92 	75 
2398	13	89 	50 
2399	8	104 	80 
2400	3	54 	27 
2401	15	69 	144 
2402	10	64 	44 
2403	1	34 	30 
2404	11	46 	79 
2405	15	114 	174 
2406	2	42 	44 
2407	13	141 	89 
2408	1	31 	28 
2409	5	69 	29 
2410	14	164 	150 
2411	10	74 	34 
2412	10	104 	104 
2413	1	25 	25 
2414	5	64 	59 
2415	17	58 	92 
2416	3	39 	51 
2417	1	34 	25 
2418	6	48 	36 
2419	7	59 	59 
2420	11	134 	123 
2421	8	32 	104 
2422	2	28 	34 
2423	15	174 	159 
2424	12	60 	132 
2425	7	59 	52 
2426	13	76 	154 
2427	10	74 	44 
2428	11	90 	123 
2429	5	54 	74 
2430	13	141 	154 
2431	17	160 	75 
2432	4	56 	44 
2433	5	44 	34 
2434	12	144 	96 
2435	14	52 	136 
2436	13	115 	89 
2437	16	120 	104 
2438	11	112 	123 
2439	5	29 	49 
2440	18	96 	96 
2441	17	177 	160 
2442	15	159 	39 
2443	10	44 	94 
2444	11	123 	123 
2445	11	35 	68 
2446	17	75 	194 
2447	9	114 	51 
2448	1	30 	25 
2449	18	42 	78 
2450	1	25 	34 
2451	1	27 	28 
2452	11	35 	35 
2453	17	92 	75 
2454	7	31 	52 
2455	14	52 	150 
2456	7	73 	38 
2457	6	54 	84 
2458	12	132 	36 
2459	11	112 	134 
2460	5	74 	59 
2461	2	30 	26 
2462	15	69 	69 
2463	12	120 	108 
2464	14	80 	136 
2465	7	38 	87 
2466	7	52 	87 
2467	15	144 	39 
2468	1	28 	30 
2469	15	129 	114 
2470	12	60 	48 
2471	11	123 	68 
2472	5	39 	34 
2473	11	46 	46 
2474	6	42 	48 
2475	7	73 	59 
2476	8	80 	96 
2477	16	152 	152 
2478	1	34 	32 
2479	10	114 	124 
2480	13	63 	37 
2481	13	76 	115 
2482	9	96 	96 
2483	5	44 	69 
2484	15	69 	69 
2485	12	132 	36 
2486	18	204 	168 
2487	6	36 	48 
2488	13	37 	37 
2489	18	60 	168 
2490	5	69 	69 
2491	10	54 	44 
2492	1	26 	32 
2493	11	101 	112 
2494	4	60 	60 
2495	16	72 	72 
2496	6	42 	84 
2497	4	28 	44 
2498	12	36 	36 
2499	9	105 	33 
2500	15	69 	99 
2501	3	27 	36 
2502	18	78 	132 
2503	15	159 	54 
2504	10	54 	74 
2505	11	79 	123 
2506	1	30 	27 
2507	2	28 	26 
2508	8	64 	104 
2509	16	88 	88 
2510	10	74 	104 
2511	16	120 	88 
2512	1	33 	27 
2513	5	44 	34 
2514	17	194 	177 
2515	2	30 	32 
2516	8	96 	48 
2517	17	177 	41 
2518	2	26 	26 
2519	17	58 	58 
2520	5	49 	49 
2521	5	69 	74 
2522	2	34 	40 
2523	8	64 	104 
2524	8	72 	40 
2525	9	114 	87 
2526	12	144 	72 
2527	18	132 	186 
2528	8	32 	40 
2529	4	48 	60 
2530	6	30 	48 
2531	15	69 	39 
2532	17	58 	194 
2533	15	129 	174 
2534	8	72 	72 
2535	7	73 	94 
2536	6	60 	84 
2537	1	34 	25 
2538	6	84 	30 
2539	17	177 	177 
2540	16	168 	88 
2541	4	44 	64 
2542	13	102 	63 
2543	13	50 	63 
2544	17	126 	160 
2545	14	122 	164 
2546	3	48 	39 
2547	17	41 	126 
2548	10	64 	114 
2549	3	48 	42 
2550	11	123 	35 
2551	18	114 	96 
2552	5	69 	59 
2553	8	40 	32 
2554	5	74 	34 
2555	6	36 	84 
2556	17	41 	75 
2557	12	72 	96 
2558	17	160 	41 
2559	3	36 	39 
2560	18	204 	42 
2561	3	33 	36 
2562	7	73 	66 
2563	18	114 	150 
2564	4	56 	64 
2565	17	109 	194 
2566	3	27 	48 
2567	8	32 	96 
2568	13	154 	141 
2569	12	84 	72 
2570	12	144 	60 
2571	10	94 	34 
2572	15	144 	54 
2573	1	32 	26 
2574	5	74 	29 
2575	18	132 	204 
2576	13	50 	89 
2577	18	168 	60 
2578	11	134 	90 
2579	12	120 	144 
2580	7	73 	94 
2581	3	51 	51 
2582	2	30 	26 
2583	5	74 	44 
2584	3	45 	54 
2585	17	109 	160 
2586	4	64 	36 
2587	2	40 	40 
2588	1	34 	30 
2589	6	48 	54 
2590	1	32 	26 
2591	12	132 	48 
2592	5	39 	64 
2593	10	114 	104 
2594	1	25 	28 
2595	6	66 	48 
2596	7	52 	45 
2597	9	96 	33 
2598	7	73 	94 
2599	5	74 	59 
2600	11	57 	46 
2601	13	63 	154 
2602	15	159 	144 
2603	13	63 	154 
2604	1	27 	31 
2605	9	42 	33 
2606	7	73 	73 
2607	1	26 	29 
2608	2	34 	38 
2609	10	74 	114 
2610	12	144 	36 
2611	8	72 	40 
2612	7	38 	31 
2613	15	114 	174 
2614	12	108 	60 
2615	7	31 	94 
2616	18	150 	96 
2617	7	45 	94 
2618	12	36 	132 
2619	4	48 	48 
2620	7	94 	52 
2621	3	42 	45 
2622	16	120 	72 
2623	7	59 	94 
2624	10	124 	54 
2625	12	84 	84 
2626	7	80 	66 
2627	15	144 	99 
2628	9	51 	69 
2629	14	108 	136 
2630	4	64 	44 
2631	1	25 	30 
2632	6	36 	72 
2633	1	32 	27 
2634	3	33 	48 
2635	4	60 	36 
2636	11	35 	57 
2637	18	150 	132 
2638	13	37 	128 
2639	18	60 	204 
2640	14	38 	122 
2641	8	88 	32 
2642	11	123 	90 
2643	8	40 	56 
2644	4	52 	40 
2645	12	108 	72 
2646	17	194 	143 
2647	11	112 	46 
2648	4	40 	64 
2649	12	84 	84 
2650	6	60 	72 
2651	15	144 	174 
2652	5	54 	44 
2653	1	25 	27 
2654	14	150 	80 
2655	17	41 	75 
2656	12	72 	60 
2657	18	96 	78 
2658	8	64 	32 
2659	3	42 	45 
2660	18	168 	150 
2661	4	64 	44 
2662	5	69 	69 
2663	15	99 	159 
2664	9	78 	69 
2665	13	89 	141 
2666	16	168 	184 
2667	9	78 	96 
2668	5	44 	64 
2669	1	26 	27 
2670	14	94 	38 
2671	7	59 	66 
2672	16	152 	104 
2673	18	60 	168 
2674	11	79 	112 
2675	3	33 	30 
2676	15	39 	69 
2677	8	96 	64 
2678	9	105 	33 
2679	10	54 	54 
2680	5	59 	29 
2681	18	204 	168 
2682	5	29 	74 
2683	7	52 	66 
2684	2	44 	38 
2685	14	150 	136 
2686	15	39 	84 
2687	1	28 	31 
2688	17	41 	143 
2689	16	120 	104 
2690	13	154 	50 
2691	5	64 	59 
2692	13	154 	37 
2693	11	79 	112 
2694	13	37 	76 
2695	15	114 	129 
2696	16	152 	120 
2697	6	54 	72 
2698	2	34 	34 
2699	9	51 	78 
2700	3	42 	33 
2701	17	92 	41 
2702	13	50 	37 
2703	9	69 	96 
2704	17	160 	109 
2705	10	54 	114 
2706	11	123 	101 
2707	11	57 	35 
2708	13	154 	128 
2709	18	168 	114 
2710	5	54 	54 
2711	6	48 	72 
2712	14	66 	150 
2713	4	44 	48 
2714	2	36 	42 
2715	8	104 	64 
2716	6	30 	36 
2717	3	54 	48 
2718	3	30 	33 
2719	11	112 	79 
2720	11	101 	79 
2721	11	46 	123 
2722	5	74 	44 
2723	9	51 	33 
2724	14	80 	38 
2725	16	136 	104 
2726	8	56 	56 
2727	12	48 	132 
2728	8	64 	64 
2729	8	80 	96 
2730	15	129 	174 
2731	10	124 	34 
2732	9	96 	42 
2733	7	80 	94 
2734	11	57 	68 
2735	16	40 	184 
2736	16	168 	120 
2737	1	29 	33 
2738	11	46 	101 
2739	14	136 	122 
2740	8	104 	48 
2741	10	54 	104 
2742	12	144 	84 
2743	6	42 	60 
2744	13	50 	154 
2745	7	66 	38 
2746	13	128 	50 
2747	16	136 	136 
2748	8	80 	104 
2749	4	56 	28 
2750	13	50 	141 
2751	16	104 	40 
2752	2	30 	32 
2753	11	46 	35 
2754	8	40 	64 
2755	16	88 	56 
2756	5	49 	74 
2757	15	39 	159 
2758	9	87 	42 
2759	3	30 	54 
2760	12	48 	120 
2761	15	54 	39 
2762	3	48 	45 
2763	5	59 	74 
2764	17	58 	109 
2765	11	101 	79 
2766	5	44 	64 
2767	15	54 	69 
2768	16	40 	136 
2769	2	36 	38 
2770	4	40 	60 
2771	2	34 	34 
2772	1	28 	28 
2773	8	80 	40 
2774	16	168 	104 
2775	7	94 	52 
2776	2	34 	30 
2777	2	30 	42 
2778	10	54 	54 
2779	14	94 	38 
2780	6	72 	72 
2781	6	42 	48 
2782	16	56 	136 
2783	10	74 	124 
2784	7	87 	59 
2785	3	45 	27 
2786	13	89 	89 
2787	2	36 	28 
2788	13	50 	76 
2789	11	79 	46 
2790	7	87 	66 
2791	3	36 	48 
2792	15	129 	174 
2793	9	60 	42 
2794	3	42 	27 
2795	2	34 	44 
2796	18	96 	96 
2797	1	25 	34 
2798	13	76 	102 
2799	16	184 	168 
2800	13	50 	37 
2801	15	159 	54 
2802	17	109 	194 
2803	2	32 	32 
2804	18	204 	96 
2805	9	87 	114 
2806	9	51 	96 
2807	16	88 	184 
2808	14	66 	122 
2809	4	44 	44 
2810	17	92 	75 
2811	17	177 	143 
2812	3	48 	54 
2813	1	32 	26 
2814	12	108 	36 
2815	13	37 	154 
2816	8	64 	96 
2817	2	42 	40 
2818	5	39 	64 
2819	13	141 	154 
2820	10	44 	104 
2821	10	44 	34 
2822	4	52 	36 
2823	7	80 	52 
2824	18	42 	78 
2825	5	34 	34 
2826	2	32 	32 
2827	15	54 	159 
2828	9	78 	78 
2829	14	136 	80 
2830	10	114 	54 
2831	15	159 	99 
2832	6	42 	84 
2833	10	94 	94 
2834	1	28 	27 
2835	6	30 	84 
2836	6	30 	48 
2837	14	38 	52 
2838	14	136 	136 
2839	7	38 	59 
2840	9	96 	105 
2841	5	59 	39 
2842	1	27 	34 
2843	1	33 	33 
2844	14	94 	108 
2845	1	33 	28 
2846	12	96 	132 
2847	12	36 	48 
2848	4	40 	52 
2849	4	60 	40 
2850	15	174 	159 
2851	2	44 	32 
2852	9	78 	114 
2853	10	54 	64 
2854	8	104 	64 
2855	9	33 	51 
2856	15	174 	114 
2857	6	30 	30 
2858	9	114 	87 
2859	18	150 	78 
2860	4	36 	48 
2861	4	56 	48 
2862	7	94 	38 
2863	1	32 	30 
2864	8	40 	96 
2865	10	94 	54 
2866	7	59 	80 
2867	10	34 	94 
2868	10	104 	54 
2869	14	94 	136 
2870	12	108 	72 
2871	17	92 	58 
2872	2	44 	40 
2873	8	40 	48 
2874	17	177 	58 
2875	11	79 	123 
2876	5	64 	74 
2877	11	35 	35 
2878	16	88 	40 
2879	15	99 	69 
2880	6	42 	60 
2881	7	59 	52 
2882	2	44 	36 
2883	10	124 	44 
2884	15	99 	99 
2885	11	123 	101 
2886	6	36 	30 
2887	15	54 	159 
2888	4	48 	60 
2889	13	76 	102 
2890	15	174 	84 
2891	5	49 	54 
2892	5	74 	49 
2893	17	194 	143 
2894	7	73 	73 
2895	1	31 	30 
2896	1	25 	32 
2897	11	46 	35 
2898	13	115 	154 
2899	3	54 	42 
2900	17	177 	126 
2901	14	38 	122 
2902	3	54 	48 
2903	2	44 	44 
2904	9	51 	42 
2905	18	96 	114 
2906	1	29 	30 
2907	15	114 	84 
2908	13	141 	89 
2909	18	114 	204 
2910	15	39 	69 
2911	10	94 	114 
2912	10	124 	44 
2913	6	78 	72 
2914	9	33 	42 
2915	13	141 	37 
2916	18	60 	42 
2917	11	35 	79 
2918	13	102 	37 
2919	13	128 	63 
2920	6	30 	84 
2921	5	49 	54 
2922	15	99 	84 
2923	5	64 	49 
2924	16	104 	40 
2925	12	48 	36 
2926	6	48 	54 
2927	10	104 	84 
2928	14	164 	122 
2929	6	66 	42 
2930	4	28 	40 
2931	15	159 	54 
2932	13	115 	115 
2933	11	79 	46 
2934	6	42 	48 
2935	8	104 	40 
2936	14	164 	52 
2937	17	75 	92 
2938	8	40 	64 
2939	2	32 	38 
2940	7	45 	73 
2941	2	36 	40 
2942	15	114 	69 
2943	17	126 	41 
2944	9	69 	105 
2945	7	45 	52 
2946	2	38 	36 
2947	6	72 	72 
2948	4	60 	60 
2949	13	154 	141 
2950	12	96 	60 
2951	8	64 	88 
2952	5	54 	49 
2953	16	56 	184 
2954	17	194 	177 
2955	15	159 	69 
2956	11	79 	90 
2957	17	58 	109 
2958	10	124 	34 
2959	14	66 	52 
2960	1	29 	30 
2961	8	104 	48 
2962	11	101 	46 
2963	17	41 	177 
2964	4	44 	60 
2965	7	38 	87 
2966	6	84 	66 
2967	2	30 	26 
2968	13	115 	102 
2969	16	40 	136 
2970	3	48 	39 
2971	1	27 	34 
2972	12	84 	60 
2973	10	74 	94 
2974	15	129 	39 
2975	4	52 	32 
2976	7	66 	59 
2977	13	115 	115 
2978	17	160 	41 
2979	6	66 	66 
2980	17	194 	160 
2981	4	48 	64 
2982	18	150 	42 
2983	11	134 	134 
2984	6	60 	72 
2985	13	89 	154 
2986	17	109 	160 
2987	16	104 	136 
2988	2	44 	42 
2989	1	33 	34 
2990	9	78 	105 
2991	18	150 	42 
2992	17	58 	75 
2993	1	34 	26 
2994	4	48 	40 
2995	6	30 	84 
2996	13	76 	115 
2997	14	80 	80 
2998	9	96 	87 
2999	7	66 	52 
3000	9	78 	114 
3001	5	39 	64 
3002	14	38 	108 
3003	2	42 	40 
3004	2	42 	42 
3005	7	52 	31 
3006	13	63 	141 
3007	14	136 	150 
3008	3	39 	54 
3009	15	159 	84 
3010	15	174 	84 
3011	18	168 	42 
3012	8	88 	48 
3013	8	48 	104 
3014	9	114 	87 
3015	7	59 	94 
3016	14	94 	80 
3017	10	54 	104 
3018	8	32 	56 
3019	11	68 	134 
3020	1	33 	26 
3021	11	123 	123 
3022	2	34 	44 
3023	16	88 	168 
3024	17	92 	177 
3025	2	26 	40 
3026	4	56 	52 
3027	5	74 	44 
3028	4	44 	52 
3029	11	123 	68 
3030	15	84 	174 
3031	14	122 	122 
3032	14	80 	164 
3033	8	48 	56 
3034	5	59 	34 
3035	4	60 	56 
3036	9	33 	114 
3037	14	122 	80 
3038	17	160 	92 
3039	14	136 	94 
3040	8	72 	40 
3041	6	48 	78 
3042	14	108 	108 
3043	12	84 	48 
3044	18	60 	42 
3045	12	84 	108 
3046	1	26 	25 
3047	15	69 	39 
3048	9	33 	60 
3049	15	129 	99 
3050	5	29 	64 
3051	1	28 	33 
3052	4	44 	32 
3053	12	144 	84 
3054	3	36 	30 
3055	18	186 	114 
3056	2	32 	34 
3057	2	26 	34 
3058	12	108 	132 
3059	17	143 	160 
3060	18	132 	132 
3061	4	32 	36 
3062	3	36 	30 
3063	15	54 	99 
3064	7	45 	73 
3065	13	115 	50 
3066	5	44 	74 
3067	13	50 	89 
3068	1	32 	30 
3069	16	56 	120 
3070	5	29 	34 
3071	4	56 	60 
3072	15	39 	129 
3073	3	30 	45 
3074	13	37 	102 
3075	8	96 	104 
3076	3	39 	42 
3077	7	52 	52 
3078	8	40 	48 
3079	11	90 	112 
3080	11	79 	123 
3081	15	114 	69 
3082	3	39 	51 
3083	13	128 	102 
3084	1	27 	25 
3085	17	109 	41 
3086	12	108 	132 
3087	17	177 	177 
3088	5	64 	44 
3089	7	94 	73 
3090	9	87 	114 
3091	15	84 	174 
3092	5	39 	64 
3093	3	27 	42 
3094	17	126 	41 
3095	3	48 	27 
3096	3	48 	36 
3097	6	66 	36 
3098	9	33 	42 
3099	16	40 	152 
3100	2	36 	34 
3101	14	66 	108 
3102	4	60 	36 
3103	7	66 	31 
3104	11	46 	46 
3105	17	75 	75 
3106	18	42 	150 
3107	7	31 	73 
3108	9	87 	51 
3109	11	79 	79 
3110	7	87 	94 
3111	13	141 	76 
3112	9	33 	69 
3113	9	51 	42 
3114	13	63 	115 
3115	16	104 	56 
3116	9	96 	51 
3117	6	48 	30 
3118	6	84 	30 
3119	12	96 	72 
3120	8	40 	48 
3121	16	184 	88 
3122	2	28 	28 
3123	2	38 	44 
3124	6	84 	66 
3125	18	78 	96 
3126	8	32 	96 
3127	1	28 	28 
3128	16	120 	120 
3129	18	78 	78 
3130	3	30 	33 
3131	18	168 	78 
3132	9	105 	60 
3133	3	51 	45 
3134	16	104 	120 
3135	17	143 	143 
3136	11	68 	68 
3137	15	54 	69 
3138	1	28 	32 
3139	7	73 	38 
3140	6	42 	66 
3141	2	42 	36 
3142	1	29 	34 
3143	13	37 	89 
3144	6	60 	36 
3145	11	123 	101 
3146	12	144 	144 
3147	5	29 	69 
3148	11	134 	46 
3149	13	115 	115 
3150	12	36 	48 
3151	10	44 	94 
3152	11	35 	90 
3153	2	32 	28 
3154	8	56 	80 
3155	11	101 	57 
3156	14	52 	52 
3157	4	32 	32 
3158	17	194 	143 
3159	11	123 	90 
3160	16	56 	168 
3161	18	150 	168 
3162	11	57 	46 
3163	2	38 	36 
3164	18	132 	60 
3165	1	26 	29 
3166	2	28 	42 
3167	18	168 	150 
3168	10	114 	124 
3169	18	78 	96 
3170	11	134 	134 
3171	4	56 	44 
3172	12	36 	60 
3173	9	87 	51 
3174	14	136 	108 
3175	9	96 	78 
3176	6	72 	60 
3177	13	141 	63 
3178	11	57 	134 
3179	16	56 	104 
3180	4	56 	52 
3181	10	104 	84 
3182	16	168 	72 
3183	2	36 	44 
3184	18	204 	42 
3185	1	32 	34 
3186	6	66 	72 
3187	18	96 	204 
3188	17	143 	41 
3189	6	36 	84 
3190	10	94 	74 
3191	5	34 	54 
3192	6	48 	42 
3193	5	44 	59 
3194	4	52 	52 
3195	10	74 	64 
3196	12	144 	120 
3197	2	30 	36 
3198	6	84 	60 
3199	6	54 	60 
3200	7	52 	87 
3201	4	28 	44 
3202	1	31 	26 
3203	2	40 	44 
3204	8	48 	96 
3205	4	52 	40 
3206	12	36 	48 
3207	6	72 	84 
3208	7	52 	38 
3209	13	141 	76 
3210	14	52 	108 
3211	18	96 	42 
3212	17	177 	126 
3213	15	114 	69 
3214	7	45 	73 
3215	8	48 	32 
3216	9	60 	87 
3217	7	31 	73 
3218	11	57 	46 
3219	8	72 	32 
3220	18	186 	186 
3221	8	104 	96 
3222	2	32 	28 
3223	10	104 	54 
3224	3	36 	51 
3225	2	44 	42 
3226	7	66 	31 
3227	4	60 	52 
3228	10	44 	114 
3229	6	30 	66 
3230	7	59 	87 
3231	7	66 	87 
3232	14	108 	136 
3233	14	38 	66 
3234	16	40 	88 
3235	4	36 	52 
3236	2	30 	28 
3237	7	94 	66 
3238	10	84 	94 
3239	4	64 	64 
3240	4	32 	60 
3241	5	69 	44 
3242	6	54 	78 
3243	10	124 	84 
3244	18	168 	42 
3245	18	42 	60 
3246	2	38 	38 
3247	15	84 	69 
3248	5	44 	34 
3249	8	80 	96 
3250	8	88 	32 
3251	2	30 	42 
3252	14	38 	150 
3253	16	184 	184 
3254	16	72 	168 
3255	10	94 	54 
3256	3	36 	39 
3257	14	80 	52 
3258	16	136 	152 
3259	8	80 	80 
3260	7	38 	38 
3261	7	73 	73 
3262	5	34 	74 
3263	6	60 	36 
3264	11	101 	46 
3265	18	78 	186 
3266	11	134 	79 
3267	18	132 	168 
3268	6	54 	54 
3269	15	159 	84 
3270	3	36 	30 
3271	6	30 	60 
3272	13	50 	89 
3273	3	54 	48 
3274	18	132 	186 
3275	12	96 	72 
3276	4	60 	36 
3277	13	115 	102 
3278	13	63 	102 
3279	12	84 	60 
3280	12	48 	48 
3281	7	59 	38 
3282	10	34 	44 
3283	10	124 	74 
3284	3	48 	30 
3285	10	94 	44 
3286	8	80 	40 
3287	5	69 	69 
3288	4	60 	52 
3289	13	63 	37 
3290	18	114 	204 
3291	15	69 	129 
3292	10	44 	44 
3293	5	64 	49 
3294	6	60 	48 
3295	5	34 	39 
3296	10	74 	64 
3297	10	74 	54 
3298	12	108 	144 
3299	4	56 	56 
3300	1	31 	29 
3301	2	34 	44 
3302	2	28 	42 
3303	16	40 	72 
3304	16	168 	88 
3305	18	78 	96 
3306	11	90 	112 
3307	14	94 	136 
3308	16	56 	120 
3309	10	104 	84 
3310	6	66 	36 
3311	11	134 	90 
3312	15	69 	69 
3313	7	31 	80 
3314	6	84 	84 
3315	17	92 	109 
3316	5	49 	64 
3317	10	114 	44 
3318	5	44 	74 
3319	5	44 	69 
3320	18	150 	78 
3321	5	29 	34 
3322	1	30 	34 
3323	12	120 	120 
3324	14	38 	136 
3325	16	120 	184 
3326	6	36 	60 
3327	7	80 	80 
3328	10	44 	84 
3329	15	69 	159 
3330	11	101 	101 
3331	6	66 	54 
3332	15	84 	84 
3333	11	134 	35 
3334	14	108 	136 
3335	13	37 	141 
3336	17	41 	58 
3337	3	30 	39 
3338	3	45 	39 
3339	7	66 	80 
3340	1	32 	28 
3341	8	32 	40 
3342	8	88 	32 
3343	15	129 	99 
3344	11	68 	57 
3345	17	41 	126 
3346	2	42 	34 
3347	1	25 	33 
3348	1	29 	27 
3349	7	38 	80 
3350	10	94 	94 
3351	16	136 	56 
3352	14	122 	122 
3353	4	40 	60 
3354	5	39 	39 
3355	16	120 	120 
3356	12	60 	120 
3357	13	89 	50 
3358	4	56 	28 
3359	13	141 	102 
3360	3	30 	39 
3361	12	120 	132 
3362	15	129 	84 
3363	17	58 	143 
3364	1	27 	28 
3365	9	51 	69 
3366	12	84 	132 
3367	17	126 	177 
3368	8	48 	32 
3369	17	194 	41 
3370	5	74 	34 
3371	13	76 	89 
3372	5	29 	44 
3373	8	96 	104 
3374	18	168 	186 
3375	16	56 	152 
3376	17	160 	194 
3377	1	34 	32 
3378	13	50 	128 
3379	10	94 	104 
3380	12	120 	48 
3381	1	33 	31 
3382	8	40 	80 
3383	14	80 	66 
3384	8	40 	80 
3385	7	80 	80 
3386	3	54 	45 
3387	11	57 	134 
3388	2	28 	44 
3389	4	56 	52 
3390	16	72 	136 
3391	11	90 	101 
3392	8	64 	72 
3393	11	134 	68 
3394	4	44 	64 
3395	12	108 	108 
3396	13	154 	128 
3397	11	35 	101 
3398	18	60 	96 
3399	5	39 	49 
3400	5	59 	29 
3401	11	90 	68 
3402	7	94 	94 
3403	14	66 	94 
3404	15	114 	84 
3405	4	48 	32 
3406	15	114 	114 
3407	18	150 	168 
3408	8	32 	80 
3409	8	56 	56 
3410	8	88 	56 
3411	9	87 	51 
3412	4	64 	36 
3413	7	80 	38 
3414	3	51 	27 
3415	15	144 	39 
3416	2	26 	38 
3417	11	112 	90 
3418	1	34 	33 
3419	14	66 	150 
3420	3	30 	48 
3421	4	52 	60 
3422	12	84 	132 
3423	12	84 	132 
3424	1	26 	31 
3425	10	34 	54 
3426	1	28 	29 
3427	12	36 	36 
3428	18	150 	168 
3429	6	84 	72 
